(kicad_pcb (version 20171130) (host pcbnew 5.1.5)

  (general
    (thickness 1.6)
    (drawings 75)
    (tracks 1510)
    (zones 0)
    (modules 209)
    (nets 139)
  )

  (page A4)
  (layers
    (0 F.Cu signal)
    (31 B.Cu signal)
    (32 B.Adhes user)
    (33 F.Adhes user)
    (34 B.Paste user)
    (35 F.Paste user)
    (36 B.SilkS user)
    (37 F.SilkS user)
    (38 B.Mask user)
    (39 F.Mask user)
    (40 Dwgs.User user)
    (41 Cmts.User user)
    (42 Eco1.User user)
    (43 Eco2.User user)
    (44 Edge.Cuts user)
    (45 Margin user)
    (46 B.CrtYd user)
    (47 F.CrtYd user)
    (48 B.Fab user)
    (49 F.Fab user)
  )

  (setup
    (last_trace_width 0.2)
    (user_trace_width 0.2)
    (user_trace_width 0.4)
    (user_trace_width 1)
    (trace_clearance 0.2)
    (zone_clearance 0.508)
    (zone_45_only no)
    (trace_min 0.127)
    (via_size 0.6)
    (via_drill 0.3)
    (via_min_size 0.6)
    (via_min_drill 0.3)
    (user_via 0.6 0.3)
    (user_via 0.8 0.6)
    (user_via 2 1.5)
    (uvia_size 0.3)
    (uvia_drill 0.1)
    (uvias_allowed no)
    (uvia_min_size 0)
    (uvia_min_drill 0.1)
    (edge_width 0.05)
    (segment_width 0.2)
    (pcb_text_width 0.3)
    (pcb_text_size 1.5 1.5)
    (mod_edge_width 0.12)
    (mod_text_size 0.8128 0.8128)
    (mod_text_width 0.12)
    (pad_size 1.524 1.524)
    (pad_drill 0.762)
    (pad_to_mask_clearance 0.051)
    (solder_mask_min_width 0.25)
    (aux_axis_origin 0 0)
    (visible_elements FFFFFF7F)
    (pcbplotparams
      (layerselection 0x010fc_ffffffff)
      (usegerberextensions false)
      (usegerberattributes false)
      (usegerberadvancedattributes false)
      (creategerberjobfile false)
      (excludeedgelayer true)
      (linewidth 0.100000)
      (plotframeref false)
      (viasonmask false)
      (mode 1)
      (useauxorigin false)
      (hpglpennumber 1)
      (hpglpenspeed 20)
      (hpglpendiameter 15.000000)
      (psnegative false)
      (psa4output false)
      (plotreference true)
      (plotvalue true)
      (plotinvisibletext false)
      (padsonsilk false)
      (subtractmaskfromsilk false)
      (outputformat 1)
      (mirror false)
      (drillshape 1)
      (scaleselection 1)
      (outputdirectory ""))
  )

  (net 0 "")
  (net 1 GND)
  (net 2 "Net-(JP2-Pad2)")
  (net 3 "Net-(JP5-Pad2)")
  (net 4 "Net-(JP6-Pad2)")
  (net 5 "Net-(JP9-Pad2)")
  (net 6 "Net-(JP10-Pad2)")
  (net 7 "Net-(JP3-Pad2)")
  (net 8 "Net-(JP4-Pad2)")
  (net 9 "Net-(JP7-Pad2)")
  (net 10 "Net-(JP8-Pad2)")
  (net 11 +5V)
  (net 12 "Net-(D2-Pad2)")
  (net 13 "Net-(D3-Pad2)")
  (net 14 "Net-(D4-Pad2)")
  (net 15 "Net-(D9-Pad2)")
  (net 16 "Net-(D11-Pad1)")
  (net 17 "Net-(D11-Pad2)")
  (net 18 "Net-(D12-Pad2)")
  (net 19 "Net-(D13-Pad2)")
  (net 20 "Net-(D14-Pad2)")
  (net 21 "Net-(D15-Pad2)")
  (net 22 "Net-(D17-Pad2)")
  (net 23 "Net-(D17-Pad1)")
  (net 24 "Net-(D18-Pad2)")
  (net 25 "Net-(D19-Pad2)")
  (net 26 /BlackMagicProbe/SELF_~RST)
  (net 27 "Net-(C2-Pad1)")
  (net 28 "Net-(C3-Pad1)")
  (net 29 +3V3)
  (net 30 /BlackMagicProbe/VTARG)
  (net 31 /BlackMagicProbe/VTARG_MEAS)
  (net 32 /OutputInterface/VREF_3300mV)
  (net 33 "Net-(C26-Pad2)")
  (net 34 "Net-(C29-Pad1)")
  (net 35 "Net-(C29-Pad2)")
  (net 36 -1V2)
  (net 37 "Net-(D1-Pad2)")
  (net 38 "Net-(D5-Pad1)")
  (net 39 "Net-(D10-Pad1)")
  (net 40 "Net-(D10-Pad2)")
  (net 41 "Net-(D12-Pad1)")
  (net 42 "Net-(D13-Pad1)")
  (net 43 "Net-(D14-Pad1)")
  (net 44 "Net-(D15-Pad1)")
  (net 45 /OutputInterface/V_SUPPLY_DIVIDED)
  (net 46 "Net-(D20-Pad2)")
  (net 47 "Net-(D21-Pad2)")
  (net 48 "Net-(D22-Pad2)")
  (net 49 "Net-(D22-Pad1)")
  (net 50 "Net-(D23-Pad1)")
  (net 51 "Net-(D23-Pad2)")
  (net 52 "Net-(D24-Pad2)")
  (net 53 "Net-(D24-Pad1)")
  (net 54 "Net-(D25-Pad1)")
  (net 55 "Net-(D25-Pad2)")
  (net 56 /OutputInterface/V_FB_DIVIDED)
  (net 57 /BlackMagicProbe/BMP.TDI)
  (net 58 /OutputInterface/V_SUPPLY)
  (net 59 /BlackMagicProbe/BMP.VTARG)
  (net 60 "Net-(FB5-Pad2)")
  (net 61 /BlackMagicProbe/USB_D+)
  (net 62 /BlackMagicProbe/USB_D-)
  (net 63 /OutputInterface/I_SUPPLY)
  (net 64 /BlackMagicProbe/BMP.TXD)
  (net 65 /OutputInterface/DUT.V_SUPPLY)
  (net 66 /BlackMagicProbe/BMP.SWCLK)
  (net 67 /BlackMagicProbe/BMP.SWDIO)
  (net 68 /BlackMagicProbe/BMP.~RST)
  (net 69 /BlackMagicProbe/BMP.TRACESWO)
  (net 70 /BlackMagicProbe/BMP.RXD)
  (net 71 /BlackMagicProbe/FORCE_DFU)
  (net 72 "Net-(JP11-Pad2)")
  (net 73 "Net-(JP12-Pad2)")
  (net 74 "Net-(JP13-Pad2)")
  (net 75 "Net-(JP14-Pad2)")
  (net 76 "Net-(JP15-Pad2)")
  (net 77 "Net-(JP16-Pad2)")
  (net 78 "Net-(JP17-Pad2)")
  (net 79 "Net-(JP18-Pad2)")
  (net 80 "Net-(JP19-Pad2)")
  (net 81 /BlackMagicProbe/INTERFACE_TARGET_~RST)
  (net 82 /BlackMagicProbe/INTERFACE_NATIVE_RST)
  (net 83 /BlackMagicProbe/INTERFACE_NATIVE_RST_SENSE)
  (net 84 /BlackMagicProbe/USB_1K5_PULLUP_CTRL)
  (net 85 /BlackMagicProbe/USB-)
  (net 86 /BlackMagicProbe/USB+)
  (net 87 /BlackMagicProbe/VBUS_MEAS)
  (net 88 /BlackMagicProbe/LED0)
  (net 89 /BlackMagicProbe/INTERFACE_TARGET_TDI)
  (net 90 /BlackMagicProbe/INTERFACE_TARGET_TDO_TRACESWO)
  (net 91 /BlackMagicProbe/INTERFACE_TARGET_TCK_SWCLK)
  (net 92 /BlackMagicProbe/INTERFACE_TARGET_TMS_SWDIO)
  (net 93 /BlackMagicProbe/INTERFACE_TARGET_TXD)
  (net 94 /BlackMagicProbe/INTERFACE_TARGET_RXD)
  (net 95 /BlackMagicProbe/LED1)
  (net 96 /BlackMagicProbe/LED2)
  (net 97 /OutputInterface/VREF_2750mV)
  (net 98 /OutputInterface/VREF_1800mV)
  (net 99 /OutputInterface/VREF_1500mV)
  (net 100 /OutputInterface/VREF_250mV)
  (net 101 /OutputInterface/VREF_50mV)
  (net 102 /OutputInterface/VREF_20mV)
  (net 103 "Net-(R31-Pad1)")
  (net 104 "Net-(R32-Pad1)")
  (net 105 "Net-(R33-Pad1)")
  (net 106 "Net-(R46-Pad1)")
  (net 107 "Net-(R47-Pad1)")
  (net 108 "Net-(R48-Pad1)")
  (net 109 "Net-(R49-Pad1)")
  (net 110 /BlackMagicProbe/INTERFACE_NATIVE_SWDIO_DIR)
  (net 111 /BlackMagicProbe/INTERFACE_NATIVE_TDI)
  (net 112 /BlackMagicProbe/INTERFACE_NATIVE_TMS_SWDIO)
  (net 113 /BlackMagicProbe/INTERFACE_NATIVE_TCK_SWCLK)
  (net 114 /BlackMagicProbe/INTERFACE_NATIVE_TDO_TRACESWO)
  (net 115 /BlackMagicProbe/INTERFACE_NATIVE_TXD)
  (net 116 /BlackMagicProbe/INTERFACE_NATIVE_RXD)
  (net 117 /BlackMagicProbe/SELF_SWDIO)
  (net 118 /BlackMagicProbe/SELF_SWCLK)
  (net 119 /BlackMagicProbe/SELF_TRACESWO)
  (net 120 /OutputInterface/VREF_2250mV)
  (net 121 -5V)
  (net 122 "Net-(R34-Pad2)")
  (net 123 /OutputInterface/-1V2_FILTERED)
  (net 124 /OutputInterface/3V3_FILTERED)
  (net 125 "Net-(D30-Pad2)")
  (net 126 "Net-(D30-Pad1)")
  (net 127 "Net-(D31-Pad2)")
  (net 128 "Net-(D31-Pad1)")
  (net 129 "Net-(D32-Pad2)")
  (net 130 "Net-(D33-Pad2)")
  (net 131 "Net-(D32-Pad1)")
  (net 132 "Net-(D33-Pad1)")
  (net 133 "Net-(D18-Pad1)")
  (net 134 "Net-(D19-Pad1)")
  (net 135 "Net-(D20-Pad1)")
  (net 136 "Net-(D21-Pad1)")
  (net 137 /BlackMagicProbe/DISPLAY_SCL)
  (net 138 /BlackMagicProbe/DISPLAY_SDA)

  (net_class Default "This is the default net class."
    (clearance 0.2)
    (trace_width 0.2)
    (via_dia 0.6)
    (via_drill 0.3)
    (uvia_dia 0.3)
    (uvia_drill 0.1)
    (add_net +3V3)
    (add_net +5V)
    (add_net -1V2)
    (add_net -5V)
    (add_net /BlackMagicProbe/BMP.RXD)
    (add_net /BlackMagicProbe/BMP.SWCLK)
    (add_net /BlackMagicProbe/BMP.SWDIO)
    (add_net /BlackMagicProbe/BMP.TDI)
    (add_net /BlackMagicProbe/BMP.TRACESWO)
    (add_net /BlackMagicProbe/BMP.TXD)
    (add_net /BlackMagicProbe/BMP.VTARG)
    (add_net /BlackMagicProbe/BMP.~RST)
    (add_net /BlackMagicProbe/DISPLAY_SCL)
    (add_net /BlackMagicProbe/DISPLAY_SDA)
    (add_net /BlackMagicProbe/FORCE_DFU)
    (add_net /BlackMagicProbe/INTERFACE_NATIVE_RST)
    (add_net /BlackMagicProbe/INTERFACE_NATIVE_RST_SENSE)
    (add_net /BlackMagicProbe/INTERFACE_NATIVE_RXD)
    (add_net /BlackMagicProbe/INTERFACE_NATIVE_SWDIO_DIR)
    (add_net /BlackMagicProbe/INTERFACE_NATIVE_TCK_SWCLK)
    (add_net /BlackMagicProbe/INTERFACE_NATIVE_TDI)
    (add_net /BlackMagicProbe/INTERFACE_NATIVE_TDO_TRACESWO)
    (add_net /BlackMagicProbe/INTERFACE_NATIVE_TMS_SWDIO)
    (add_net /BlackMagicProbe/INTERFACE_NATIVE_TXD)
    (add_net /BlackMagicProbe/INTERFACE_TARGET_RXD)
    (add_net /BlackMagicProbe/INTERFACE_TARGET_TCK_SWCLK)
    (add_net /BlackMagicProbe/INTERFACE_TARGET_TDI)
    (add_net /BlackMagicProbe/INTERFACE_TARGET_TDO_TRACESWO)
    (add_net /BlackMagicProbe/INTERFACE_TARGET_TMS_SWDIO)
    (add_net /BlackMagicProbe/INTERFACE_TARGET_TXD)
    (add_net /BlackMagicProbe/INTERFACE_TARGET_~RST)
    (add_net /BlackMagicProbe/LED0)
    (add_net /BlackMagicProbe/LED1)
    (add_net /BlackMagicProbe/LED2)
    (add_net /BlackMagicProbe/SELF_SWCLK)
    (add_net /BlackMagicProbe/SELF_SWDIO)
    (add_net /BlackMagicProbe/SELF_TRACESWO)
    (add_net /BlackMagicProbe/SELF_~RST)
    (add_net /BlackMagicProbe/USB+)
    (add_net /BlackMagicProbe/USB-)
    (add_net /BlackMagicProbe/USB_1K5_PULLUP_CTRL)
    (add_net /BlackMagicProbe/USB_D+)
    (add_net /BlackMagicProbe/USB_D-)
    (add_net /BlackMagicProbe/VBUS_MEAS)
    (add_net /BlackMagicProbe/VTARG)
    (add_net /BlackMagicProbe/VTARG_MEAS)
    (add_net /OutputInterface/-1V2_FILTERED)
    (add_net /OutputInterface/3V3_FILTERED)
    (add_net /OutputInterface/DUT.V_SUPPLY)
    (add_net /OutputInterface/I_SUPPLY)
    (add_net /OutputInterface/VREF_1500mV)
    (add_net /OutputInterface/VREF_1800mV)
    (add_net /OutputInterface/VREF_20mV)
    (add_net /OutputInterface/VREF_2250mV)
    (add_net /OutputInterface/VREF_250mV)
    (add_net /OutputInterface/VREF_2750mV)
    (add_net /OutputInterface/VREF_3300mV)
    (add_net /OutputInterface/VREF_50mV)
    (add_net /OutputInterface/V_FB_DIVIDED)
    (add_net /OutputInterface/V_SUPPLY)
    (add_net /OutputInterface/V_SUPPLY_DIVIDED)
    (add_net GND)
    (add_net "Net-(C2-Pad1)")
    (add_net "Net-(C26-Pad2)")
    (add_net "Net-(C29-Pad1)")
    (add_net "Net-(C29-Pad2)")
    (add_net "Net-(C3-Pad1)")
    (add_net "Net-(D1-Pad2)")
    (add_net "Net-(D10-Pad1)")
    (add_net "Net-(D10-Pad2)")
    (add_net "Net-(D11-Pad1)")
    (add_net "Net-(D11-Pad2)")
    (add_net "Net-(D12-Pad1)")
    (add_net "Net-(D12-Pad2)")
    (add_net "Net-(D13-Pad1)")
    (add_net "Net-(D13-Pad2)")
    (add_net "Net-(D14-Pad1)")
    (add_net "Net-(D14-Pad2)")
    (add_net "Net-(D15-Pad1)")
    (add_net "Net-(D15-Pad2)")
    (add_net "Net-(D17-Pad1)")
    (add_net "Net-(D17-Pad2)")
    (add_net "Net-(D18-Pad1)")
    (add_net "Net-(D18-Pad2)")
    (add_net "Net-(D19-Pad1)")
    (add_net "Net-(D19-Pad2)")
    (add_net "Net-(D2-Pad2)")
    (add_net "Net-(D20-Pad1)")
    (add_net "Net-(D20-Pad2)")
    (add_net "Net-(D21-Pad1)")
    (add_net "Net-(D21-Pad2)")
    (add_net "Net-(D22-Pad1)")
    (add_net "Net-(D22-Pad2)")
    (add_net "Net-(D23-Pad1)")
    (add_net "Net-(D23-Pad2)")
    (add_net "Net-(D24-Pad1)")
    (add_net "Net-(D24-Pad2)")
    (add_net "Net-(D25-Pad1)")
    (add_net "Net-(D25-Pad2)")
    (add_net "Net-(D3-Pad2)")
    (add_net "Net-(D30-Pad1)")
    (add_net "Net-(D30-Pad2)")
    (add_net "Net-(D31-Pad1)")
    (add_net "Net-(D31-Pad2)")
    (add_net "Net-(D32-Pad1)")
    (add_net "Net-(D32-Pad2)")
    (add_net "Net-(D33-Pad1)")
    (add_net "Net-(D33-Pad2)")
    (add_net "Net-(D4-Pad2)")
    (add_net "Net-(D5-Pad1)")
    (add_net "Net-(D9-Pad2)")
    (add_net "Net-(FB5-Pad2)")
    (add_net "Net-(JP10-Pad2)")
    (add_net "Net-(JP11-Pad2)")
    (add_net "Net-(JP12-Pad2)")
    (add_net "Net-(JP13-Pad2)")
    (add_net "Net-(JP14-Pad2)")
    (add_net "Net-(JP15-Pad2)")
    (add_net "Net-(JP16-Pad2)")
    (add_net "Net-(JP17-Pad2)")
    (add_net "Net-(JP18-Pad2)")
    (add_net "Net-(JP19-Pad2)")
    (add_net "Net-(JP2-Pad2)")
    (add_net "Net-(JP3-Pad2)")
    (add_net "Net-(JP4-Pad2)")
    (add_net "Net-(JP5-Pad2)")
    (add_net "Net-(JP6-Pad2)")
    (add_net "Net-(JP7-Pad2)")
    (add_net "Net-(JP8-Pad2)")
    (add_net "Net-(JP9-Pad2)")
    (add_net "Net-(R31-Pad1)")
    (add_net "Net-(R32-Pad1)")
    (add_net "Net-(R33-Pad1)")
    (add_net "Net-(R34-Pad2)")
    (add_net "Net-(R46-Pad1)")
    (add_net "Net-(R47-Pad1)")
    (add_net "Net-(R48-Pad1)")
    (add_net "Net-(R49-Pad1)")
  )

  (net_class Massive ""
    (clearance 0.2)
    (trace_width 1)
    (via_dia 2)
    (via_drill 1.5)
    (uvia_dia 0.3)
    (uvia_drill 0.1)
  )

  (net_class Power ""
    (clearance 0.2)
    (trace_width 0.4)
    (via_dia 0.8)
    (via_drill 0.6)
    (uvia_dia 0.3)
    (uvia_drill 0.1)
  )

  (module Connector_IDC:IDC-Header_2x03_P2.54mm_Vertical (layer F.Cu) (tedit 59DE0819) (tstamp 5E0C6117)
    (at 157.48 90.17 180)
    (descr "Through hole straight IDC box header, 2x03, 2.54mm pitch, double rows")
    (tags "Through hole IDC box header THT 2x03 2.54mm double row")
    (path /603B9EF8/5E00DD0B)
    (fp_text reference X3 (at 1.27 -6.604) (layer F.SilkS) hide
      (effects (font (size 1 1) (thickness 0.15)))
    )
    (fp_text value TC2030-ARM-SWD (at 1.27 11.684) (layer F.Fab) hide
      (effects (font (size 1 1) (thickness 0.15)))
    )
    (fp_text user %R (at 1.27 2.54) (layer F.Fab)
      (effects (font (size 1 1) (thickness 0.15)))
    )
    (fp_line (start 5.695 -5.1) (end 5.695 10.18) (layer F.Fab) (width 0.1))
    (fp_line (start 5.145 -4.56) (end 5.145 9.62) (layer F.Fab) (width 0.1))
    (fp_line (start -3.155 -5.1) (end -3.155 10.18) (layer F.Fab) (width 0.1))
    (fp_line (start -2.605 -4.56) (end -2.605 0.29) (layer F.Fab) (width 0.1))
    (fp_line (start -2.605 4.79) (end -2.605 9.62) (layer F.Fab) (width 0.1))
    (fp_line (start -2.605 0.29) (end -3.155 0.29) (layer F.Fab) (width 0.1))
    (fp_line (start -2.605 4.79) (end -3.155 4.79) (layer F.Fab) (width 0.1))
    (fp_line (start 5.695 -5.1) (end -3.155 -5.1) (layer F.Fab) (width 0.1))
    (fp_line (start 5.145 -4.56) (end -2.605 -4.56) (layer F.Fab) (width 0.1))
    (fp_line (start 5.695 10.18) (end -3.155 10.18) (layer F.Fab) (width 0.1))
    (fp_line (start 5.145 9.62) (end -2.605 9.62) (layer F.Fab) (width 0.1))
    (fp_line (start 5.695 -5.1) (end 5.145 -4.56) (layer F.Fab) (width 0.1))
    (fp_line (start 5.695 10.18) (end 5.145 9.62) (layer F.Fab) (width 0.1))
    (fp_line (start -3.155 -5.1) (end -2.605 -4.56) (layer F.Fab) (width 0.1))
    (fp_line (start -3.155 10.18) (end -2.605 9.62) (layer F.Fab) (width 0.1))
    (fp_line (start 5.95 -5.35) (end 5.95 10.43) (layer F.CrtYd) (width 0.05))
    (fp_line (start 5.95 10.43) (end -3.41 10.43) (layer F.CrtYd) (width 0.05))
    (fp_line (start -3.41 10.43) (end -3.41 -5.35) (layer F.CrtYd) (width 0.05))
    (fp_line (start -3.41 -5.35) (end 5.95 -5.35) (layer F.CrtYd) (width 0.05))
    (fp_line (start 5.945 -5.35) (end 5.945 10.43) (layer F.SilkS) (width 0.12))
    (fp_line (start 5.945 10.43) (end -3.405 10.43) (layer F.SilkS) (width 0.12))
    (fp_line (start -3.405 10.43) (end -3.405 -5.35) (layer F.SilkS) (width 0.12))
    (fp_line (start -3.405 -5.35) (end 5.945 -5.35) (layer F.SilkS) (width 0.12))
    (fp_line (start -3.655 -5.6) (end -3.655 -3.06) (layer F.SilkS) (width 0.12))
    (fp_line (start -3.655 -5.6) (end -1.115 -5.6) (layer F.SilkS) (width 0.12))
    (pad 1 thru_hole rect (at 0 0 180) (size 1.7272 1.7272) (drill 1.016) (layers *.Cu *.Mask)
      (net 73 "Net-(JP12-Pad2)"))
    (pad 2 thru_hole oval (at 2.54 0 180) (size 1.7272 1.7272) (drill 1.016) (layers *.Cu *.Mask)
      (net 78 "Net-(JP17-Pad2)"))
    (pad 3 thru_hole oval (at 0 2.54 180) (size 1.7272 1.7272) (drill 1.016) (layers *.Cu *.Mask)
      (net 76 "Net-(JP15-Pad2)"))
    (pad 4 thru_hole oval (at 2.54 2.54 180) (size 1.7272 1.7272) (drill 1.016) (layers *.Cu *.Mask)
      (net 77 "Net-(JP16-Pad2)"))
    (pad 5 thru_hole oval (at 0 5.08 180) (size 1.7272 1.7272) (drill 1.016) (layers *.Cu *.Mask)
      (net 6 "Net-(JP10-Pad2)"))
    (pad 6 thru_hole oval (at 2.54 5.08 180) (size 1.7272 1.7272) (drill 1.016) (layers *.Cu *.Mask)
      (net 79 "Net-(JP18-Pad2)"))
    (model ${KISYS3DMOD}/Connector_IDC.3dshapes/IDC-Header_2x03_P2.54mm_Vertical.wrl
      (at (xyz 0 0 0))
      (scale (xyz 1 1 1))
      (rotate (xyz 0 0 0))
    )
  )

  (module Capacitor_SMD:C_0603_1608Metric_Pad1.05x0.95mm_HandSolder (layer B.Cu) (tedit 5B301BBE) (tstamp 5DCC7B5E)
    (at 84.8614 97.7138 90)
    (descr "Capacitor SMD 0603 (1608 Metric), square (rectangular) end terminal, IPC_7351 nominal with elongated pad for handsoldering. (Body size source: http://www.tortai-tech.com/upload/download/2011102023233369053.pdf), generated with kicad-footprint-generator")
    (tags "capacitor handsolder")
    (path /603B9EF8/6043B4FC)
    (attr smd)
    (fp_text reference C20 (at -3.302 0 90) (layer B.SilkS)
      (effects (font (size 1 1) (thickness 0.15)) (justify mirror))
    )
    (fp_text value 100nF (at 4.191 0 90) (layer B.Fab)
      (effects (font (size 1 1) (thickness 0.15)) (justify mirror))
    )
    (fp_text user %R (at 0 0 90) (layer B.Fab)
      (effects (font (size 0.4 0.4) (thickness 0.06)) (justify mirror))
    )
    (fp_line (start 1.65 -0.73) (end -1.65 -0.73) (layer B.CrtYd) (width 0.05))
    (fp_line (start 1.65 0.73) (end 1.65 -0.73) (layer B.CrtYd) (width 0.05))
    (fp_line (start -1.65 0.73) (end 1.65 0.73) (layer B.CrtYd) (width 0.05))
    (fp_line (start -1.65 -0.73) (end -1.65 0.73) (layer B.CrtYd) (width 0.05))
    (fp_line (start -0.171267 -0.51) (end 0.171267 -0.51) (layer B.SilkS) (width 0.12))
    (fp_line (start -0.171267 0.51) (end 0.171267 0.51) (layer B.SilkS) (width 0.12))
    (fp_line (start 0.8 -0.4) (end -0.8 -0.4) (layer B.Fab) (width 0.1))
    (fp_line (start 0.8 0.4) (end 0.8 -0.4) (layer B.Fab) (width 0.1))
    (fp_line (start -0.8 0.4) (end 0.8 0.4) (layer B.Fab) (width 0.1))
    (fp_line (start -0.8 -0.4) (end -0.8 0.4) (layer B.Fab) (width 0.1))
    (pad 2 smd roundrect (at 0.875 0 90) (size 1.05 0.95) (layers B.Cu B.Paste B.Mask) (roundrect_rratio 0.25)
      (net 1 GND))
    (pad 1 smd roundrect (at -0.875 0 90) (size 1.05 0.95) (layers B.Cu B.Paste B.Mask) (roundrect_rratio 0.25)
      (net 32 /OutputInterface/VREF_3300mV))
    (model ${KISYS3DMOD}/Capacitor_SMD.3dshapes/C_0603_1608Metric.wrl
      (at (xyz 0 0 0))
      (scale (xyz 1 1 1))
      (rotate (xyz 0 0 0))
    )
  )

  (module Resistor_SMD:R_0603_1608Metric_Pad1.05x0.95mm_HandSolder (layer B.Cu) (tedit 5B301BBD) (tstamp 5DBFC5DE)
    (at 88.4174 97.7138 270)
    (descr "Resistor SMD 0603 (1608 Metric), square (rectangular) end terminal, IPC_7351 nominal with elongated pad for handsoldering. (Body size source: http://www.tortai-tech.com/upload/download/2011102023233369053.pdf), generated with kicad-footprint-generator")
    (tags "resistor handsolder")
    (path /603B9EF8/6043AF6D)
    (attr smd)
    (fp_text reference R24 (at 3.302 0 90) (layer B.SilkS)
      (effects (font (size 1 1) (thickness 0.15)) (justify mirror))
    )
    (fp_text value 30k (at -3.302 0 90) (layer B.Fab)
      (effects (font (size 1 1) (thickness 0.15)) (justify mirror))
    )
    (fp_line (start -0.8 -0.4) (end -0.8 0.4) (layer B.Fab) (width 0.1))
    (fp_line (start -0.8 0.4) (end 0.8 0.4) (layer B.Fab) (width 0.1))
    (fp_line (start 0.8 0.4) (end 0.8 -0.4) (layer B.Fab) (width 0.1))
    (fp_line (start 0.8 -0.4) (end -0.8 -0.4) (layer B.Fab) (width 0.1))
    (fp_line (start -0.171267 0.51) (end 0.171267 0.51) (layer B.SilkS) (width 0.12))
    (fp_line (start -0.171267 -0.51) (end 0.171267 -0.51) (layer B.SilkS) (width 0.12))
    (fp_line (start -1.65 -0.73) (end -1.65 0.73) (layer B.CrtYd) (width 0.05))
    (fp_line (start -1.65 0.73) (end 1.65 0.73) (layer B.CrtYd) (width 0.05))
    (fp_line (start 1.65 0.73) (end 1.65 -0.73) (layer B.CrtYd) (width 0.05))
    (fp_line (start 1.65 -0.73) (end -1.65 -0.73) (layer B.CrtYd) (width 0.05))
    (fp_text user %R (at 0 0 90) (layer B.Fab)
      (effects (font (size 0.4 0.4) (thickness 0.06)) (justify mirror))
    )
    (pad 1 smd roundrect (at -0.875 0 270) (size 1.05 0.95) (layers B.Cu B.Paste B.Mask) (roundrect_rratio 0.25)
      (net 97 /OutputInterface/VREF_2750mV))
    (pad 2 smd roundrect (at 0.875 0 270) (size 1.05 0.95) (layers B.Cu B.Paste B.Mask) (roundrect_rratio 0.25)
      (net 120 /OutputInterface/VREF_2250mV))
    (model ${KISYS3DMOD}/Resistor_SMD.3dshapes/R_0603_1608Metric.wrl
      (at (xyz 0 0 0))
      (scale (xyz 1 1 1))
      (rotate (xyz 0 0 0))
    )
  )

  (module Resistor_SMD:R_0603_1608Metric_Pad1.05x0.95mm_HandSolder (layer B.Cu) (tedit 5B301BBD) (tstamp 5DBFC5CD)
    (at 86.6394 97.7138 270)
    (descr "Resistor SMD 0603 (1608 Metric), square (rectangular) end terminal, IPC_7351 nominal with elongated pad for handsoldering. (Body size source: http://www.tortai-tech.com/upload/download/2011102023233369053.pdf), generated with kicad-footprint-generator")
    (tags "resistor handsolder")
    (path /603B9EF8/5E44C6A8)
    (attr smd)
    (fp_text reference R23 (at 3.302 0 90) (layer B.SilkS)
      (effects (font (size 1 1) (thickness 0.15)) (justify mirror))
    )
    (fp_text value 33k (at -3.302 0 90) (layer B.Fab)
      (effects (font (size 1 1) (thickness 0.15)) (justify mirror))
    )
    (fp_text user %R (at 0 0 90) (layer B.Fab)
      (effects (font (size 0.4 0.4) (thickness 0.06)) (justify mirror))
    )
    (fp_line (start 1.65 -0.73) (end -1.65 -0.73) (layer B.CrtYd) (width 0.05))
    (fp_line (start 1.65 0.73) (end 1.65 -0.73) (layer B.CrtYd) (width 0.05))
    (fp_line (start -1.65 0.73) (end 1.65 0.73) (layer B.CrtYd) (width 0.05))
    (fp_line (start -1.65 -0.73) (end -1.65 0.73) (layer B.CrtYd) (width 0.05))
    (fp_line (start -0.171267 -0.51) (end 0.171267 -0.51) (layer B.SilkS) (width 0.12))
    (fp_line (start -0.171267 0.51) (end 0.171267 0.51) (layer B.SilkS) (width 0.12))
    (fp_line (start 0.8 -0.4) (end -0.8 -0.4) (layer B.Fab) (width 0.1))
    (fp_line (start 0.8 0.4) (end 0.8 -0.4) (layer B.Fab) (width 0.1))
    (fp_line (start -0.8 0.4) (end 0.8 0.4) (layer B.Fab) (width 0.1))
    (fp_line (start -0.8 -0.4) (end -0.8 0.4) (layer B.Fab) (width 0.1))
    (pad 2 smd roundrect (at 0.875 0 270) (size 1.05 0.95) (layers B.Cu B.Paste B.Mask) (roundrect_rratio 0.25)
      (net 32 /OutputInterface/VREF_3300mV))
    (pad 1 smd roundrect (at -0.875 0 270) (size 1.05 0.95) (layers B.Cu B.Paste B.Mask) (roundrect_rratio 0.25)
      (net 97 /OutputInterface/VREF_2750mV))
    (model ${KISYS3DMOD}/Resistor_SMD.3dshapes/R_0603_1608Metric.wrl
      (at (xyz 0 0 0))
      (scale (xyz 1 1 1))
      (rotate (xyz 0 0 0))
    )
  )

  (module Resistor_SMD:R_0603_1608Metric_Pad1.05x0.95mm_HandSolder (layer B.Cu) (tedit 5B301BBD) (tstamp 5DBFC611)
    (at 93.7514 97.7138 90)
    (descr "Resistor SMD 0603 (1608 Metric), square (rectangular) end terminal, IPC_7351 nominal with elongated pad for handsoldering. (Body size source: http://www.tortai-tech.com/upload/download/2011102023233369053.pdf), generated with kicad-footprint-generator")
    (tags "resistor handsolder")
    (path /603B9EF8/6043AFE4)
    (attr smd)
    (fp_text reference R27 (at -3.302 0 90) (layer B.SilkS)
      (effects (font (size 1 1) (thickness 0.15)) (justify mirror))
    )
    (fp_text value 75k (at 3.302 0 90) (layer B.Fab)
      (effects (font (size 1 1) (thickness 0.15)) (justify mirror))
    )
    (fp_line (start -0.8 -0.4) (end -0.8 0.4) (layer B.Fab) (width 0.1))
    (fp_line (start -0.8 0.4) (end 0.8 0.4) (layer B.Fab) (width 0.1))
    (fp_line (start 0.8 0.4) (end 0.8 -0.4) (layer B.Fab) (width 0.1))
    (fp_line (start 0.8 -0.4) (end -0.8 -0.4) (layer B.Fab) (width 0.1))
    (fp_line (start -0.171267 0.51) (end 0.171267 0.51) (layer B.SilkS) (width 0.12))
    (fp_line (start -0.171267 -0.51) (end 0.171267 -0.51) (layer B.SilkS) (width 0.12))
    (fp_line (start -1.65 -0.73) (end -1.65 0.73) (layer B.CrtYd) (width 0.05))
    (fp_line (start -1.65 0.73) (end 1.65 0.73) (layer B.CrtYd) (width 0.05))
    (fp_line (start 1.65 0.73) (end 1.65 -0.73) (layer B.CrtYd) (width 0.05))
    (fp_line (start 1.65 -0.73) (end -1.65 -0.73) (layer B.CrtYd) (width 0.05))
    (fp_text user %R (at 0 0 90) (layer B.Fab)
      (effects (font (size 0.4 0.4) (thickness 0.06)) (justify mirror))
    )
    (pad 1 smd roundrect (at -0.875 0 90) (size 1.05 0.95) (layers B.Cu B.Paste B.Mask) (roundrect_rratio 0.25)
      (net 99 /OutputInterface/VREF_1500mV))
    (pad 2 smd roundrect (at 0.875 0 90) (size 1.05 0.95) (layers B.Cu B.Paste B.Mask) (roundrect_rratio 0.25)
      (net 100 /OutputInterface/VREF_250mV))
    (model ${KISYS3DMOD}/Resistor_SMD.3dshapes/R_0603_1608Metric.wrl
      (at (xyz 0 0 0))
      (scale (xyz 1 1 1))
      (rotate (xyz 0 0 0))
    )
  )

  (module Resistor_SMD:R_0603_1608Metric_Pad1.05x0.95mm_HandSolder (layer B.Cu) (tedit 5B301BBD) (tstamp 5DBFC600)
    (at 91.9734 97.7138 270)
    (descr "Resistor SMD 0603 (1608 Metric), square (rectangular) end terminal, IPC_7351 nominal with elongated pad for handsoldering. (Body size source: http://www.tortai-tech.com/upload/download/2011102023233369053.pdf), generated with kicad-footprint-generator")
    (tags "resistor handsolder")
    (path /603B9EF8/6043AF7F)
    (attr smd)
    (fp_text reference R26 (at 3.302 0 90) (layer B.SilkS)
      (effects (font (size 1 1) (thickness 0.15)) (justify mirror))
    )
    (fp_text value 18k (at -3.302 0 90) (layer B.Fab)
      (effects (font (size 1 1) (thickness 0.15)) (justify mirror))
    )
    (fp_line (start -0.8 -0.4) (end -0.8 0.4) (layer B.Fab) (width 0.1))
    (fp_line (start -0.8 0.4) (end 0.8 0.4) (layer B.Fab) (width 0.1))
    (fp_line (start 0.8 0.4) (end 0.8 -0.4) (layer B.Fab) (width 0.1))
    (fp_line (start 0.8 -0.4) (end -0.8 -0.4) (layer B.Fab) (width 0.1))
    (fp_line (start -0.171267 0.51) (end 0.171267 0.51) (layer B.SilkS) (width 0.12))
    (fp_line (start -0.171267 -0.51) (end 0.171267 -0.51) (layer B.SilkS) (width 0.12))
    (fp_line (start -1.65 -0.73) (end -1.65 0.73) (layer B.CrtYd) (width 0.05))
    (fp_line (start -1.65 0.73) (end 1.65 0.73) (layer B.CrtYd) (width 0.05))
    (fp_line (start 1.65 0.73) (end 1.65 -0.73) (layer B.CrtYd) (width 0.05))
    (fp_line (start 1.65 -0.73) (end -1.65 -0.73) (layer B.CrtYd) (width 0.05))
    (fp_text user %R (at 0 0 90) (layer B.Fab)
      (effects (font (size 0.4 0.4) (thickness 0.06)) (justify mirror))
    )
    (pad 1 smd roundrect (at -0.875 0 270) (size 1.05 0.95) (layers B.Cu B.Paste B.Mask) (roundrect_rratio 0.25)
      (net 98 /OutputInterface/VREF_1800mV))
    (pad 2 smd roundrect (at 0.875 0 270) (size 1.05 0.95) (layers B.Cu B.Paste B.Mask) (roundrect_rratio 0.25)
      (net 99 /OutputInterface/VREF_1500mV))
    (model ${KISYS3DMOD}/Resistor_SMD.3dshapes/R_0603_1608Metric.wrl
      (at (xyz 0 0 0))
      (scale (xyz 1 1 1))
      (rotate (xyz 0 0 0))
    )
  )

  (module Resistor_SMD:R_0603_1608Metric_Pad1.05x0.95mm_HandSolder (layer B.Cu) (tedit 5B301BBD) (tstamp 5DBFC5EF)
    (at 90.1954 97.7138 90)
    (descr "Resistor SMD 0603 (1608 Metric), square (rectangular) end terminal, IPC_7351 nominal with elongated pad for handsoldering. (Body size source: http://www.tortai-tech.com/upload/download/2011102023233369053.pdf), generated with kicad-footprint-generator")
    (tags "resistor handsolder")
    (path /603B9EF8/6043AF79)
    (attr smd)
    (fp_text reference R25 (at -3.302 0 90) (layer B.SilkS)
      (effects (font (size 1 1) (thickness 0.15)) (justify mirror))
    )
    (fp_text value 27k (at 3.302 0 90) (layer B.Fab)
      (effects (font (size 1 1) (thickness 0.15)) (justify mirror))
    )
    (fp_text user %R (at 0 0 90) (layer B.Fab)
      (effects (font (size 0.4 0.4) (thickness 0.06)) (justify mirror))
    )
    (fp_line (start 1.65 -0.73) (end -1.65 -0.73) (layer B.CrtYd) (width 0.05))
    (fp_line (start 1.65 0.73) (end 1.65 -0.73) (layer B.CrtYd) (width 0.05))
    (fp_line (start -1.65 0.73) (end 1.65 0.73) (layer B.CrtYd) (width 0.05))
    (fp_line (start -1.65 -0.73) (end -1.65 0.73) (layer B.CrtYd) (width 0.05))
    (fp_line (start -0.171267 -0.51) (end 0.171267 -0.51) (layer B.SilkS) (width 0.12))
    (fp_line (start -0.171267 0.51) (end 0.171267 0.51) (layer B.SilkS) (width 0.12))
    (fp_line (start 0.8 -0.4) (end -0.8 -0.4) (layer B.Fab) (width 0.1))
    (fp_line (start 0.8 0.4) (end 0.8 -0.4) (layer B.Fab) (width 0.1))
    (fp_line (start -0.8 0.4) (end 0.8 0.4) (layer B.Fab) (width 0.1))
    (fp_line (start -0.8 -0.4) (end -0.8 0.4) (layer B.Fab) (width 0.1))
    (pad 2 smd roundrect (at 0.875 0 90) (size 1.05 0.95) (layers B.Cu B.Paste B.Mask) (roundrect_rratio 0.25)
      (net 98 /OutputInterface/VREF_1800mV))
    (pad 1 smd roundrect (at -0.875 0 90) (size 1.05 0.95) (layers B.Cu B.Paste B.Mask) (roundrect_rratio 0.25)
      (net 120 /OutputInterface/VREF_2250mV))
    (model ${KISYS3DMOD}/Resistor_SMD.3dshapes/R_0603_1608Metric.wrl
      (at (xyz 0 0 0))
      (scale (xyz 1 1 1))
      (rotate (xyz 0 0 0))
    )
  )

  (module Resistor_SMD:R_0603_1608Metric_Pad1.05x0.95mm_HandSolder (layer B.Cu) (tedit 5B301BBD) (tstamp 5DBFC13B)
    (at 83.0834 97.7138 270)
    (descr "Resistor SMD 0603 (1608 Metric), square (rectangular) end terminal, IPC_7351 nominal with elongated pad for handsoldering. (Body size source: http://www.tortai-tech.com/upload/download/2011102023233369053.pdf), generated with kicad-footprint-generator")
    (tags "resistor handsolder")
    (path /603B9EF8/5E2FADE6)
    (attr smd)
    (fp_text reference FB3 (at 3.302 0 90) (layer B.SilkS)
      (effects (font (size 1 1) (thickness 0.15)) (justify mirror))
    )
    (fp_text value 30Ω@100MHz (at -6.985 0 90) (layer B.Fab)
      (effects (font (size 1 1) (thickness 0.15)) (justify mirror))
    )
    (fp_line (start -0.8 -0.4) (end -0.8 0.4) (layer B.Fab) (width 0.1))
    (fp_line (start -0.8 0.4) (end 0.8 0.4) (layer B.Fab) (width 0.1))
    (fp_line (start 0.8 0.4) (end 0.8 -0.4) (layer B.Fab) (width 0.1))
    (fp_line (start 0.8 -0.4) (end -0.8 -0.4) (layer B.Fab) (width 0.1))
    (fp_line (start -0.171267 0.51) (end 0.171267 0.51) (layer B.SilkS) (width 0.12))
    (fp_line (start -0.171267 -0.51) (end 0.171267 -0.51) (layer B.SilkS) (width 0.12))
    (fp_line (start -1.65 -0.73) (end -1.65 0.73) (layer B.CrtYd) (width 0.05))
    (fp_line (start -1.65 0.73) (end 1.65 0.73) (layer B.CrtYd) (width 0.05))
    (fp_line (start 1.65 0.73) (end 1.65 -0.73) (layer B.CrtYd) (width 0.05))
    (fp_line (start 1.65 -0.73) (end -1.65 -0.73) (layer B.CrtYd) (width 0.05))
    (fp_text user %R (at 0 0 90) (layer B.Fab)
      (effects (font (size 0.4 0.4) (thickness 0.06)) (justify mirror))
    )
    (pad 1 smd roundrect (at -0.875 0 270) (size 1.05 0.95) (layers B.Cu B.Paste B.Mask) (roundrect_rratio 0.25)
      (net 29 +3V3))
    (pad 2 smd roundrect (at 0.875 0 270) (size 1.05 0.95) (layers B.Cu B.Paste B.Mask) (roundrect_rratio 0.25)
      (net 32 /OutputInterface/VREF_3300mV))
    (model ${KISYS3DMOD}/Resistor_SMD.3dshapes/R_0603_1608Metric.wrl
      (at (xyz 0 0 0))
      (scale (xyz 1 1 1))
      (rotate (xyz 0 0 0))
    )
  )

  (module Package_TO_SOT_SMD:SOT-23-6 (layer B.Cu) (tedit 5A02FF57) (tstamp 5E0C5D27)
    (at 128.778 108.204 270)
    (descr "6-pin SOT-23 package")
    (tags SOT-23-6)
    (path /603B9EF8/5EA886E9)
    (attr smd)
    (fp_text reference U13 (at 0 2.9 90) (layer B.SilkS) hide
      (effects (font (size 1 1) (thickness 0.15)) (justify mirror))
    )
    (fp_text value USBLC6-4SC6 (at 0 -2.9 90) (layer B.Fab)
      (effects (font (size 1 1) (thickness 0.15)) (justify mirror))
    )
    (fp_text user %R (at 0 0 180) (layer B.Fab)
      (effects (font (size 0.5 0.5) (thickness 0.075)) (justify mirror))
    )
    (fp_line (start -0.9 -1.61) (end 0.9 -1.61) (layer B.SilkS) (width 0.12))
    (fp_line (start 0.9 1.61) (end -1.55 1.61) (layer B.SilkS) (width 0.12))
    (fp_line (start 1.9 1.8) (end -1.9 1.8) (layer B.CrtYd) (width 0.05))
    (fp_line (start 1.9 -1.8) (end 1.9 1.8) (layer B.CrtYd) (width 0.05))
    (fp_line (start -1.9 -1.8) (end 1.9 -1.8) (layer B.CrtYd) (width 0.05))
    (fp_line (start -1.9 1.8) (end -1.9 -1.8) (layer B.CrtYd) (width 0.05))
    (fp_line (start -0.9 0.9) (end -0.25 1.55) (layer B.Fab) (width 0.1))
    (fp_line (start 0.9 1.55) (end -0.25 1.55) (layer B.Fab) (width 0.1))
    (fp_line (start -0.9 0.9) (end -0.9 -1.55) (layer B.Fab) (width 0.1))
    (fp_line (start 0.9 -1.55) (end -0.9 -1.55) (layer B.Fab) (width 0.1))
    (fp_line (start 0.9 1.55) (end 0.9 -1.55) (layer B.Fab) (width 0.1))
    (pad 1 smd rect (at -1.1 0.95 270) (size 1.06 0.65) (layers B.Cu B.Paste B.Mask)
      (net 68 /BlackMagicProbe/BMP.~RST))
    (pad 2 smd rect (at -1.1 0 270) (size 1.06 0.65) (layers B.Cu B.Paste B.Mask)
      (net 1 GND))
    (pad 3 smd rect (at -1.1 -0.95 270) (size 1.06 0.65) (layers B.Cu B.Paste B.Mask))
    (pad 4 smd rect (at 1.1 -0.95 270) (size 1.06 0.65) (layers B.Cu B.Paste B.Mask)
      (net 70 /BlackMagicProbe/BMP.RXD))
    (pad 6 smd rect (at 1.1 0.95 270) (size 1.06 0.65) (layers B.Cu B.Paste B.Mask)
      (net 64 /BlackMagicProbe/BMP.TXD))
    (pad 5 smd rect (at 1.1 0 270) (size 1.06 0.65) (layers B.Cu B.Paste B.Mask)
      (net 59 /BlackMagicProbe/BMP.VTARG))
    (model ${KISYS3DMOD}/Package_TO_SOT_SMD.3dshapes/SOT-23-6.wrl
      (at (xyz 0 0 0))
      (scale (xyz 1 1 1))
      (rotate (xyz 0 0 0))
    )
  )

  (module Capacitor_SMD:C_0603_1608Metric_Pad1.05x0.95mm_HandSolder (layer F.Cu) (tedit 5B301BBE) (tstamp 5DBFBCCC)
    (at -84.328 121.92)
    (descr "Capacitor SMD 0603 (1608 Metric), square (rectangular) end terminal, IPC_7351 nominal with elongated pad for handsoldering. (Body size source: http://www.tortai-tech.com/upload/download/2011102023233369053.pdf), generated with kicad-footprint-generator")
    (tags "capacitor handsolder")
    (path /5FA3C203/5FC5B6FA)
    (attr smd)
    (fp_text reference C1 (at 0 -1.43) (layer F.SilkS)
      (effects (font (size 1 1) (thickness 0.15)))
    )
    (fp_text value 100nF (at 0 1.43) (layer F.Fab)
      (effects (font (size 1 1) (thickness 0.15)))
    )
    (fp_line (start -0.8 0.4) (end -0.8 -0.4) (layer F.Fab) (width 0.1))
    (fp_line (start -0.8 -0.4) (end 0.8 -0.4) (layer F.Fab) (width 0.1))
    (fp_line (start 0.8 -0.4) (end 0.8 0.4) (layer F.Fab) (width 0.1))
    (fp_line (start 0.8 0.4) (end -0.8 0.4) (layer F.Fab) (width 0.1))
    (fp_line (start -0.171267 -0.51) (end 0.171267 -0.51) (layer F.SilkS) (width 0.12))
    (fp_line (start -0.171267 0.51) (end 0.171267 0.51) (layer F.SilkS) (width 0.12))
    (fp_line (start -1.65 0.73) (end -1.65 -0.73) (layer F.CrtYd) (width 0.05))
    (fp_line (start -1.65 -0.73) (end 1.65 -0.73) (layer F.CrtYd) (width 0.05))
    (fp_line (start 1.65 -0.73) (end 1.65 0.73) (layer F.CrtYd) (width 0.05))
    (fp_line (start 1.65 0.73) (end -1.65 0.73) (layer F.CrtYd) (width 0.05))
    (fp_text user %R (at 0 0) (layer F.Fab)
      (effects (font (size 0.4 0.4) (thickness 0.06)))
    )
    (pad 1 smd roundrect (at -0.875 0) (size 1.05 0.95) (layers F.Cu F.Paste F.Mask) (roundrect_rratio 0.25)
      (net 26 /BlackMagicProbe/SELF_~RST))
    (pad 2 smd roundrect (at 0.875 0) (size 1.05 0.95) (layers F.Cu F.Paste F.Mask) (roundrect_rratio 0.25)
      (net 1 GND))
    (model ${KISYS3DMOD}/Capacitor_SMD.3dshapes/C_0603_1608Metric.wrl
      (at (xyz 0 0 0))
      (scale (xyz 1 1 1))
      (rotate (xyz 0 0 0))
    )
  )

  (module Capacitor_SMD:C_0603_1608Metric_Pad1.05x0.95mm_HandSolder (layer F.Cu) (tedit 5B301BBE) (tstamp 5DBFBCDD)
    (at -27.573 106.807)
    (descr "Capacitor SMD 0603 (1608 Metric), square (rectangular) end terminal, IPC_7351 nominal with elongated pad for handsoldering. (Body size source: http://www.tortai-tech.com/upload/download/2011102023233369053.pdf), generated with kicad-footprint-generator")
    (tags "capacitor handsolder")
    (path /5FA3C203/609BBA1E)
    (attr smd)
    (fp_text reference C2 (at 0 -1.43) (layer F.SilkS)
      (effects (font (size 1 1) (thickness 0.15)))
    )
    (fp_text value 18pF (at 0 1.43) (layer F.Fab)
      (effects (font (size 1 1) (thickness 0.15)))
    )
    (fp_text user %R (at 0 0) (layer F.Fab)
      (effects (font (size 0.4 0.4) (thickness 0.06)))
    )
    (fp_line (start 1.65 0.73) (end -1.65 0.73) (layer F.CrtYd) (width 0.05))
    (fp_line (start 1.65 -0.73) (end 1.65 0.73) (layer F.CrtYd) (width 0.05))
    (fp_line (start -1.65 -0.73) (end 1.65 -0.73) (layer F.CrtYd) (width 0.05))
    (fp_line (start -1.65 0.73) (end -1.65 -0.73) (layer F.CrtYd) (width 0.05))
    (fp_line (start -0.171267 0.51) (end 0.171267 0.51) (layer F.SilkS) (width 0.12))
    (fp_line (start -0.171267 -0.51) (end 0.171267 -0.51) (layer F.SilkS) (width 0.12))
    (fp_line (start 0.8 0.4) (end -0.8 0.4) (layer F.Fab) (width 0.1))
    (fp_line (start 0.8 -0.4) (end 0.8 0.4) (layer F.Fab) (width 0.1))
    (fp_line (start -0.8 -0.4) (end 0.8 -0.4) (layer F.Fab) (width 0.1))
    (fp_line (start -0.8 0.4) (end -0.8 -0.4) (layer F.Fab) (width 0.1))
    (pad 2 smd roundrect (at 0.875 0) (size 1.05 0.95) (layers F.Cu F.Paste F.Mask) (roundrect_rratio 0.25)
      (net 1 GND))
    (pad 1 smd roundrect (at -0.875 0) (size 1.05 0.95) (layers F.Cu F.Paste F.Mask) (roundrect_rratio 0.25)
      (net 27 "Net-(C2-Pad1)"))
    (model ${KISYS3DMOD}/Capacitor_SMD.3dshapes/C_0603_1608Metric.wrl
      (at (xyz 0 0 0))
      (scale (xyz 1 1 1))
      (rotate (xyz 0 0 0))
    )
  )

  (module Capacitor_SMD:C_0603_1608Metric_Pad1.05x0.95mm_HandSolder (layer F.Cu) (tedit 5B301BBE) (tstamp 5DBFBCEE)
    (at -23.763 106.807 180)
    (descr "Capacitor SMD 0603 (1608 Metric), square (rectangular) end terminal, IPC_7351 nominal with elongated pad for handsoldering. (Body size source: http://www.tortai-tech.com/upload/download/2011102023233369053.pdf), generated with kicad-footprint-generator")
    (tags "capacitor handsolder")
    (path /5FA3C203/5DCCF116)
    (attr smd)
    (fp_text reference C3 (at 0 -1.43) (layer F.SilkS)
      (effects (font (size 1 1) (thickness 0.15)))
    )
    (fp_text value 18pF (at 0 1.43) (layer F.Fab)
      (effects (font (size 1 1) (thickness 0.15)))
    )
    (fp_text user %R (at 0 0) (layer F.Fab)
      (effects (font (size 0.4 0.4) (thickness 0.06)))
    )
    (fp_line (start 1.65 0.73) (end -1.65 0.73) (layer F.CrtYd) (width 0.05))
    (fp_line (start 1.65 -0.73) (end 1.65 0.73) (layer F.CrtYd) (width 0.05))
    (fp_line (start -1.65 -0.73) (end 1.65 -0.73) (layer F.CrtYd) (width 0.05))
    (fp_line (start -1.65 0.73) (end -1.65 -0.73) (layer F.CrtYd) (width 0.05))
    (fp_line (start -0.171267 0.51) (end 0.171267 0.51) (layer F.SilkS) (width 0.12))
    (fp_line (start -0.171267 -0.51) (end 0.171267 -0.51) (layer F.SilkS) (width 0.12))
    (fp_line (start 0.8 0.4) (end -0.8 0.4) (layer F.Fab) (width 0.1))
    (fp_line (start 0.8 -0.4) (end 0.8 0.4) (layer F.Fab) (width 0.1))
    (fp_line (start -0.8 -0.4) (end 0.8 -0.4) (layer F.Fab) (width 0.1))
    (fp_line (start -0.8 0.4) (end -0.8 -0.4) (layer F.Fab) (width 0.1))
    (pad 2 smd roundrect (at 0.875 0 180) (size 1.05 0.95) (layers F.Cu F.Paste F.Mask) (roundrect_rratio 0.25)
      (net 1 GND))
    (pad 1 smd roundrect (at -0.875 0 180) (size 1.05 0.95) (layers F.Cu F.Paste F.Mask) (roundrect_rratio 0.25)
      (net 28 "Net-(C3-Pad1)"))
    (model ${KISYS3DMOD}/Capacitor_SMD.3dshapes/C_0603_1608Metric.wrl
      (at (xyz 0 0 0))
      (scale (xyz 1 1 1))
      (rotate (xyz 0 0 0))
    )
  )

  (module Capacitor_SMD:C_0603_1608Metric_Pad1.05x0.95mm_HandSolder (layer F.Cu) (tedit 5B301BBE) (tstamp 5DBFBCFF)
    (at -78.994 121.412)
    (descr "Capacitor SMD 0603 (1608 Metric), square (rectangular) end terminal, IPC_7351 nominal with elongated pad for handsoldering. (Body size source: http://www.tortai-tech.com/upload/download/2011102023233369053.pdf), generated with kicad-footprint-generator")
    (tags "capacitor handsolder")
    (path /5FA3C203/5FC90524)
    (attr smd)
    (fp_text reference C4 (at 0 -1.43) (layer F.SilkS)
      (effects (font (size 1 1) (thickness 0.15)))
    )
    (fp_text value 4.7uF (at 0 1.43) (layer F.Fab)
      (effects (font (size 1 1) (thickness 0.15)))
    )
    (fp_line (start -0.8 0.4) (end -0.8 -0.4) (layer F.Fab) (width 0.1))
